idx,LIGHT,ratio_absorb,CO2,叶片数,CO2_sum
0,2000,0.1,12.93060802,1,12.93060802
1,1800,0.1,12.05970042,2,24.99030844
2,1620,0.1,11.17410854,3,36.16441698
3,1458,0.1,10.31139017,4,46.47580715
4,1312.2,0.1,9.487193045,5,55.9630002
5,1180.98,0.1,8.707844817,6,64.67084501
6,1062.882,0.1,7.976048449,7,72.64689346
7,956.5938,0.1,7.292246662,8,79.93914012
8,860.93442,0.1,6.6560628,9,86.59520292
9,774.840978,0.1,6.066236604,10,92.66143953
10,697.3568802,0.1,5.521174057,11,98.18261358
11,627.6211922,0.1,5.018940266,12,103.2015539
12,564.859073,0.1,4.557393604,13,107.7589475
13,508.3731657,0.1,4.134283211,14,111.8932307
14,457.5358491,0.1,3.747233463,15,115.6404641
15,411.7822642,0.1,3.393876065,16,119.0343402
16,370.6040378,0.1,3.071827546,17,122.1061677
17,333.543634,0.1,2.778767621,18,124.8849354
18,300.1892706,0.1,2.512437756,19,127.3973731
19,270.1703435,0.1,2.270683443,20,129.6680566
20,243.1533092,0.1,2.051455503,21,131.7195121
21,218.8379783,0.1,1.85282741,22,133.5723395
22,196.9541804,0.1,1.672996963,23,135.2453364
23,177.2587624,0.1,1.510286586,24,136.755623
24,159.5328862,0.1,1.3631488,25,138.1187718
25,143.5795975,0.1,1.230152104,26,139.3489239
26,129.2216378,0.1,1.10998676,27,140.4589107
27,116.299474,0.1,1.001452377,28,141.4603631
28,104.6695266,0.1,0.903446645,29,142.3638097
29,94.20257394,0.1,0.814973886,30,143.1787836
30,84.78231655,0.1,0.735121184,31,143.9139048
31,76.3040849,0.1,0.663061883,32,144.5769667
32,68.67367641,0.1,0.598043939,33,145.1750106
33,61.80630877,0.1,0.5393869,34,145.7143975
34,55.62567789,0.1,0.486474052,35,146.2008716
35,50.0631101,0.1,0.438745465,36,146.639617
36,45.05679909,0.1,0.395697027,37,147.035314
37,40.55111918,0.1,0.356871754,38,147.3921858
38,36.49600726,0.1,0.321856779,39,147.7140426
39,32.84640654,0.1,0.290278903,40,148.0043215
40,29.56176588,0.1,0.261801505,41,148.266123
41,26.60558929,0.1,0.236120531,42,148.5022435
42,23.94503037,0.1,0.212961421,43,148.7152049
43,21.55052733,0.1,0.192076728,44,148.9072817
44,19.3954746,0.1,0.173242982,45,149.0805246
45,17.45592714,0.1,0.156258621,46,149.2367833
46,15.71033442,0.1,0.140941827,47,149.3777251
47,14.13930098,0.1,0.127128692,48,149.5048538
48,12.72537088,0.1,0.114671353,49,149.6195251
49,11.45283379,0.1,0.103436599,50,149.7229617
50,10.30755041,0.1,0.093304128,51,149.8162659
51,9.276795373,0.1,0.084165668,52,149.9004315
52,8.349115836,0.1,0.075923444,53,149.976355
53,7.514204252,0.1,0.06848939,54,150.0448444
54,6.762783827,0.1,0.061784102,55,150.1066285
55,6.086505444,0.1,0.055735944,56,150.1623644
56,5.4778549,0.1,0.050280429,57,150.2126448
57,4.93006941,0.1,0.045359338,58,150.2580042
58,4.437062469,0.1,0.040920205,59,150.2989244
59,3.993356222,0.1,0.036915724,60,150.3358401
60,3.5940206,0.1,0.033303273,61,150.3691434
61,3.23461854,0.1,0.030044383,62,150.3991878
62,2.911156686,0.1,0.027104406,63,150.4262922
63,2.620041017,0.1,0.024452075,64,150.4507442
64,2.358036916,0.1,0.022059204,65,150.4728035
65,2.122233224,0.1,0.019900387,66,150.4927038
66,1.910009902,0.1,0.017952692,67,150.5106565
67,1.719008911,0.1,0.016195462,68,150.526852
68,1.54710802,0.1,0.014610056,69,150.541462
69,1.392397218,0.1,0.013179672,70,150.5546417
70,1.253157496,0.1,0.011889124,71,150.5665308
71,1.127841747,0.1,0.01072476,72,150.5772556
72,1.015057572,0.1,0.009674238,73,150.5869298
73,2000,0.2,15.60180468,1,15.60180468
74,1600,0.2,15.20437469,2,30.80617937
75,1280,0.2,14.42163232,3,45.22781169
76,1024,0.2,13.01159714,4,58.23940883
77,819.2,0.2,11.17874311,5,69.41815194
78,655.36,0.2,9.410242342,6,78.82839428
79,524.288,0.2,7.835494631,7,86.66388891
80,419.4304,0.2,6.47110807,8,93.13499698
81,335.54432,0.2,5.308871782,9,98.44386877
82,268.435456,0.2,4.331994181,10,102.7758629
83,214.7483648,0.2,3.519903748,11,106.2957667
84,171.7986918,0.2,2.850810631,12,109.1465773
85,137.4389535,0.2,2.303366447,13,111.4499438
86,109.9511628,0.2,1.857797392,14,113.3077412
87,87.96093022,0.2,1.496544409,15,114.8042856
88,70.36874418,0.2,1.204474357,16,116.0087599
89,56.29499534,0.2,0.96881269,17,116.9775726
90,45.03599627,0.2,0.778937539,18,117.7565102
91,36.02879702,0.2,0.626107584,19,118.3826177
92,28.82303762,0.2,0.503182436,20,118.8858002
93,23.05843009,0.2,0.404357995,21,119.2901582
94,18.44674407,0.2,0.324934211,22,119.6150924
95,14.75739526,0.2,0.261114742,23,119.8762071
96,11.80591621,0.2,0.209839069,24,120.0860462
97,9.444732966,0.2,0.168642815,25,120.254689
98,7.555786373,0.2,0.135544352,26,120.3902334
99,6.044629098,0.2,0.108950459,27,120.4991838
100,4.835703278,0.2,0.087580915,28,120.5867647
101,3.868562623,0.2,0.070407831,29,120.6571726
102,3.094850098,0.2,0.056605632,30,120.7137782
103,2.475880079,0.2,0.045511364,31,120.7592896
104,1.980704063,0.2,0.036592804,32,120.7958824
105,1.58456325,0.2,0.0294225,33,120.8253049
106,1.2676506,0.2,0.023657147,34,120.848962
107,1.01412048,0.2,0.019021179,35,120.8679832
108,2000,0.3,15.6990278,1,15.6990278
109,1400,0.3,15.58851352,2,31.28754132
110,980,0.3,14.87050521,3,46.15804653
111,686,0.3,12.93955048,4,59.09759701
112,480.2,0.3,10.05744305,5,69.15504006
113,336.14,0.3,7.531643691,6,76.68668375
114,235.298,0.3,5.526601064,7,82.21328482
115,164.7086,0.3,3.996140209,8,86.20942502
116,115.29602,0.3,2.860195315,9,89.06962034
117,80.707214,0.3,2.03382188,10,91.10344222
118,56.4950498,0.3,1.440494132,11,92.54393635
119,39.54653486,0.3,1.017915804,12,93.56185216
120,27.6825744,0.3,0.718386766,13,94.28023892
121,19.37780208,0.3,0.506667137,14,94.78690606
122,13.56446146,0.3,0.357249336,15,95.14415539
123,9.49512302,0.3,0.251886278,16,95.39604167
124,6.646586114,0.3,0.177615528,17,95.5736572
125,4.65261028,0.3,0.12526508,18,95.69892228
126,3.256827196,0.3,0.088361353,19,95.78728363
127,2.279779037,0.3,0.062340638,20,95.84962427
128,1.595845326,0.3,0.043988773,21,95.89361304
129,1.117091728,0.3,0.031041885,22,95.92465493
130,2000,0.4,15.5599872,1,15.5599872
131,1200,0.4,15.62445097,2,31.18443817
132,720,0.4,14.70401393,3,45.8884521
133,432,0.4,11.4211162,4,57.3095683
134,259.2,0.4,7.65441292,5,64.96398122
135,155.52,0.4,4.908603613,6,69.87258483
136,93.312,0.4,3.063014999,7,72.93559983
137,55.9872,0.4,1.881733686,8,74.81733352
138,33.59232,0.4,1.147037425,9,75.96437094
139,20.155392,0.4,0.696704868,10,76.66107581
140,12.0932352,0.4,0.422569363,11,77.08364517
141,7.25594112,0.4,0.256204199,12,77.33984937
142,4.353564672,0.4,0.155358314,13,77.49520769
143,2.612138803,0.4,0.094239184,14,77.58944687
144,1.567283282,0.4,0.05718546,15,77.64663233
145,2000,0.5,15.46641043,1,15.46641043
146,1000,0.5,15.58630135,2,31.05271178
147,500,0.5,13.98306565,3,45.03577743
148,250,0.5,8.846377195,4,53.88215463
149,125,0.5,4.902083238,5,58.78423786
150,62.5,0.5,2.580054079,6,61.36429194
151,31.25,0.5,1.325176394,7,62.68946834
152,15.625,0.5,0.674370675,8,63.36383901
153,7.8125,0.5,0.342196422,9,63.70603543
154,3.90625,0.5,0.173575124,10,63.87961056
155,1.953125,0.5,0.088088148,11,63.96769871
156,2000,0.6,15.41791987,1,15.41791987
157,800,0.6,15.50666178,2,30.92458165
158,320,0.6,12.0509754,3,42.97555705
159,128,0.6,5.842720966,4,48.81827802
160,51.2,0.6,2.529015697,5,51.34729371
161,20.48,0.6,1.046713224,6,52.39400694
162,8.192,0.6,0.427753481,7,52.82176042
163,3.2768,0.6,0.174420459,8,52.99618088
164,1.31072,0.6,0.071170125,9,53.067351
165,2000,0.7,15.39528096,1,15.39528096
166,600,0.7,15.31321251,2,30.70849347
167,180,0.7,8.745942658,3,39.45443613
168,54,0.7,3.060166163,4,42.51460229
169,16.2,0.7,0.965586916,5,43.48018921
170,4.86,0.7,0.297793309,6,43.77798252
171,1.458,0.7,0.091673688,7,43.8696562
172,2000,0.8,15.39163227,1,15.39163227
173,400,0.8,14.65650445,2,30.04813672
174,80,0.8,4.910967877,3,34.9591046
175,16,0.8,1.083065017,4,36.04216961
176,3.2,0.8,0.224978611,5,36.26714823
177,2000,0.9,15.39248596,1,15.39248596
178,200,0.9,11.19060062,2,26.58308658
179,20,0.9,1.50040713,3,28.08349371
180,2,0.9,0.159041469,4,28.24253518
